0
0
12
16
-5
-27
-23
-8
-1
12
40
39
3
-26
-23
-20
-29
-23
16
43
30
9
13
4
-33
-50
-7
23
1
-14
17
31
2
-14
17
19
-26
-49
-7
23
1
-14
29
47
-3
-41
-6
11
-27
-37
33
62
4
-40
-6
11
-27
-37
33
62
4
-40
6
27
-32
-64
10
54
3
-28
34
50
-24
-63
10
42
-25
-63
10
54
3
-28
46
66
-29
-90
-13
34
-26
-51
50
93
6
-54
11
30
-53
-86
26
85
5
-54
23
58
-30
-78
27
73
-23
-77
27
73
-23
-77
27
73
-23
-77
27
73
-23
-77
39
89
-28
-104
4
65
-24
-65
67
112
-20
-103
4
53
-52
-100
43
116
7
-68
40
77
-56
-127
20
96
-22
-91
44
104
-21
-91
44
92
-49
-126
20
96
-22
-91
56
120
-26
-118
21
84
-50
-114
60
135
-19
-117
21
84
-50
-114
60
135
-19
-117
33
100
-55
-141
37
127
-20
-105
61
123
-47
-140
37
115
-48
-140
37
127
-20
-105
73
139
-52
-167
14
107
-49
-128
77
166
-17
-131
38
103
-76
-163
53
158
-18
-131
50
131
-53
-155
54
146
-46
-154
54
146
-46
-154
54
146
-46
-154
54
146
-46
-154
66
162
-51
-181
31
138
-47
-142
94
185
-43
-180
31
126
-75
-177
70
189
-16
-145
67
150
-79
-204
47
169
-45
-168
71
177
-44
-168
71
165
-72
-203
47
169
-45
-168
83
193
-49
-195
48
157
-73
-191
87
208
-42
-194
48
157
-73
-191
87
208
-42
-194
60
173
-78
-218
64
200
-43
-182
88
196
-70
-217
64
188
-71
-217
64
200
-43
-182
100
212
-75
-244
41
180
-72
-205
104
239
-40
-208
65
176
-99
-240
80
231
-41
-208
77
204
-76
-232
81
219
-69
-231
81
219
-69
-231
81
219
-69
-231
81
219
-69
-231
93
235
-74
-258
58
211
-70
-219
121
258
-66
-257
58
199
-98
-254
97
262
-39
-222
94
223
-102
-281
74
242
-68
-245
98
250
-67
-245
98
238
-95
-280
74
242
-68
-245
110
266
-72
-272
75
230
-96
-268
114
281
-65
-271
75
230
-96
-268
114
281
-65
-271
87
246
-101
-295
91
273
-66
-259
115
269
-93
-294
91
261
-94
-294
91
273
-66
-259
127
285
-98
-321
68
253
-95
-282
131
312
-63
-285
92
249
-122
-317
107
304
-64
-285
104
277
-99
-309
108
292
-92
-308
108
292
-92
-308
108
292
-92
-308
108
292
-92
-308
120
308
-97
-335
85
284
-93
-296
148
331
-89
-334
85
272
-121
-331
124
335
-62
-299
121
296
-125
-358
101
315
-91
-322
125
323
-90
-322
125
311
-118
-357
101
315
-91
-322
137
339
-95
-349
102
303
-119
-345
141
354
-88
-348
102
303
-119
-345
141
354
-88
-348
114
319
-124
-372
118
346
-89
-336
142
342
-116
-371
118
334
-117
-371
118
346
-89
-336
154
358
-121
-398
95
326
-118
-359
158
385
-86
-362
119
322
-145
-394
134
377
-87
-362
131
350
-122
-386
135
365
-115
-385
135
365
-115
-385
135
365
-115
-385
135
365
-115
-385
147
381
-120
-412
112
357
-116
-373
175
404
-112
-411
112
345
-144
-408
151
408
-85
-376
148
369
-148
-435
128
388
-114
-399
152
396
-113
-399
152
384
-141
-434
128
388
-114
-399
164
412
-118
-426
129
376
-142
-422
168
427
-111
-425
129
376
-142
-422
168
427
-111
-425
141
392
-147
-449
145
419
-112
-413
169
415
-139
-448
145
407
-140
-448
145
419
-112
-413
181
431
-144
-475
122
399
-141
-436
185
458
-109
-439
146
395
-168
-471
161
450
-110
-439
158
423
-145
-463
162
438
-138
-462
162
438
-138
-462
162
438
-138
-462
162
438
-138
-462
174
454
-143
-489
139
430
-139
-450
202
477
-135
-488
139
418
-167
-485
178
481
-108
-453
175
442
-171
-512
155
461
-137
-476
179
469
-136
-476
179
457
-164
-511
155
461
-137
-476
191
485
-141
-503
156
449
-165
-499
195
500
-134
-502
156
449
-165
-499
195
500
-134
-502
168
465
-170
-526
172
492
-135
-490
196
488
-162
-525
172
480
-163
-525
172
492
-135
-490
208
504
-167
-552
149
472
-164
-513
212
531
-132
-516
173
468
-191
-548
188
523
-133
-516
185
496
-168
-540
189
511
-161
-539
189
511
-161
-539
189
511
-161
-539
189
511
-161
-539
201
527
-166
-566
166
503
-162
-527
229
550
-158
-565
166
491
-190
-562
205
554
-131
-530
202
515
-194
-589
182
534
-160
-553
206
542
-159
-553
206
530
-187
-588
182
534
-160
-553
218
558
-164
-580
183
522
-188
-576
222
573
-157
-579
183
522
-188
-576
222
573
-157
-579
195
538
-193
-603
199
565
-158
-567
223
561
-185
-602
199
553
-186
-602
199
565
-158
-567
235
577
-190
-629
176
545
-187
-590
239
604
-155
-593
200
541
-214
-625
215
596
-156
-593
212
569
-191
-617
216
584
-184
-616
216
584
-184
-616
216
584
-184
-616
216
584
-184
-616
228
600
-189
-643
193
576
-185
-604
256
623
-181
-642
193
564
-213
-639
232
627
-154
-607
229
588
-217
-666
209
607
-183
-630
233
615
-182
-630
233
603
-210
-665
209
607
-183
-630
245
631
-187
-657
210
595
-211
-653
249
646
-180
-656
210
595
-211
-653
249
646
-180
-656
222
611
-216
-680
226
638
-181
-644
250
634
-208
-679
226
626
-209
-679
226
638
-181
-644
262
650
-213
-706
203
618
-210
-667
266
677
-178
-670
227
614
-237
-702
242
669
-179
-670
239
642
-214
-694
243
657
-207
-693
243
657
-207
-693
243
657
-207
-693
243
657
-207
-693
255
673
-212
-720
220
649
-208
-681
283
696
-204
-719
220
637
-236
-716
259
700
-177
-684
256
661
-240
-743
236
680
-206
-707
260
688
-205
-707
260
676
-233
-742
236
680
-206
-707
272
704
-210
-734
237
668
-234
-730
276
719
-203
-733
237
668
-234
-730
276
719
-203
-733
249
684
-239
-757
253
711
-204
-721
277
707
-231
-756
253
699
-232
-756
253
711
-204
-721
289
723
-236
-783
230
691
-233
-744
293
750
-201
-747
254
687
-260
-779
269
742
-202
-747
266
715
-237
-771
270
730
-230
-770
270
730
-230
-770
270
730
-230
-770
270
730
-230
-770
282
746
-235
-797
247
722
-231
-758
310
769
-227
-796
247
710
-259
-793
286
773
-200
-761
283
734
-263
-820
263
753
-229
-784
287
761
-228
-784
287
749
-256
-819
263
753
-229
-784
299
777
-233
-811
264
741
-257
-807
303
792
-226
-810
264
741
-257
-807
303
792
-226
-810
276
757
-262
-834
280
784
-227
-798
304
780
-254
-833
280
772
-255
-833
280
784
-227
-798
316
796
-259
-860
257
764
-256
-821
320
823
-224
-824
281
760
-283
-856
296
815
-225
-824
293
788
-260
-848
297
803
-253
-847
297
803
-253
-847
297
803
-253
-847
297
803
-253
-847
309
819
-258
-874
274
795
-254
-835
337
842
-250
-873
274
783
-282
-870
313
846
-223
-838
310
807
-286
-897
290
826
-252
-861
314
834
-251
-861
314
822
-279
-896
290
826
-252
-861
326
850
-256
-888
291
814
-280
-884
330
865
-249
-887
291
814
-280
-884
330
865
-249
-887
303
830
-285
-911
307
857
-250
-875
331
853
-277
-910
307
845
-278
-910
307
857
-250
-875
343
869
-282
-937
284
837
-279
-898
347
896
-247
-901
308
833
-306
-933
323
888
-248
-901
320
861
-283
-925
324
876
-276
-924
324
876
-276
-924
324
876
-276
-924
324
876
-276
-924
336
892
-281
-951
301
868
-277
-912
364
915
-273
-950
301
856
-305
-947
340
919
-246
-915
337
880
-309
-974
317
899
-275
-938
341
907
-274
-938
341
895
-302
-973
317
899
-275
-938
353
923
-279
-965
318
887
-303
-961
357
938
-272
-964
318
887
-303
-961
357
938
-272
-964
330
903
-308
-988
334
930
-273
-952
358
926
-300
-987
334
918
-301
-987
334
930
-273
-952
370
942
-305
-1014
311
910
-302
-975
374
969
-270
-978
335
906
-329
-1010
350
961
-271
-978
347
934
-306
-1002
351
949
-299
-1001
351
949
-299
-1001
351
949
-299
-1001
351
949
-299
-1001
363
965
-304
-1028
328
941
-300
-989
391
988
-296
-1027
328
929
-328
-1024
367
992
-269
-992
364
953
-332
-1051
344
972
-298
-1015
368
980
-297
-1015
368
968
-325
-1050
344
972
-298
-1015
380
996
-302
-1042
345
960
-326
-1038
384
1011
-295
-1041
345
960
-326
-1038
384
1011
-295
-1041
357
976
-331
-1065
361
1003
-296
-1029
385
999
-323
-1064
361
991
-324
-1064
361
1003
-296
-1029
397
1015
-328
-1091
338
983
-325
-1052
401
1042
-293
-1055
362
979
-352
-1087
377
1034
-294
-1055
374
1007
-329
-1079
378
1022
-322
-1078
378
1022
-322
-1078
378
1022
-322
-1078
378
1022
-322
-1078
390
1038
-327
-1105
355
1014
-323
-1066
418
1061
-319
-1104
355
1002
-351
-1101
394
1065
-292
-1069
391
1026
-355
-1128
371
1045
-321
-1092
395
1053
-320
-1092
395
1041
-348
-1127
371
1045
-321
-1092
407
1069
-325
-1119
372
1033
-349
-1115
411
1084
-318
-1118
372
1033
-349
-1115
411
1084
-318
-1118
384
1049
-354
-1142
388
1076
-319
-1106
412
1072
-346
-1141
388
1064
-347
-1141
388
1076
-319
-1106
424
1088
-351
-1168
365
1056
-348
-1129
428
1115
-316
-1132
389
1052
-375
-1164
404
1107
-317
-1132
401
1080
-352
-1156
405
1095
-345
-1155
405
1095
-345
-1155
405
1095
-345
-1155
405
1095
-345
-1155
417
1111
-350
-1182
382
1087
-346
-1143
445
1134
-342
-1181
382
1075
-374
-1178
421
1138
-315
-1146
418
1099
-378
-1205
398
1118
-344
-1169
422
1126
-343
-1169
422
1114
-371
-1204
398
1118
-344
-1169
434
1142
-348
-1196
399
1106
-372
-1192
438
1157
-341
-1195
399
1106
-372
-1192
438
1157
-341
-1195
411
1122
-377
-1219
415
1149
-342
-1183
439
1145
-369
-1218
415
1137
-370
-1218
415
1149
-342
-1183
451
1161
-374
-1245
392
1129
-371
-1206
455
1188
-339
-1209
416
1125
-398
-1241
431
1180
-340
-1209
428
1153
-375
-1233
432
1168
-368
-1232
432
1168
-368
-1232
432
1168
-368
-1232
432
1168
-368
-1232
444
1184
-373
-1259
409
1160
-369
-1220
472
1207
-365
-1258
409
1148
-397
-1255
448
1211
-338
-1223
445
1172
-401
-1282
425
1191
-367
-1246
449
1199
-366
-1246
449
1187
-394
-1281
425
1191
-367
-1246
461
1215
-371
-1273
426
1179
-395
-1269
465
1230
-364
-1272
426
1179
-395
-1269
465
1230
-364
-1272
438
1195
-400
-1296
442
1222
-365
-1260
466
1218
-392
-1295
442
1210
-393
-1295
442
1222
-365
-1260
478
1234
-397
-1322
419
1202
-394
-1283
482
1261
-362
-1286
443
1198
-421
-1318
458
1253
-363
-1286
455
1226
-398
-1310
459
1241
-391
-1309
459
1241
-391
-1309
459
1241
-391
-1309
459
1241
-391
-1309
471
1257
-396
-1336
436
1233
-392
-1297
499
1280
-388
-1335
436
1221
-420
-1332
475
1284
-361
-1300
472
1245
-424
-1359
452
1264
-390
-1323
476
1272
-389
-1323
476
1260
-417
-1358
452
1264
-390
-1323
488
1288
-394
-1350
453
1252
-418
-1346
492
1303
-387
-1349
453
1252
-418
-1346
492
1303
-387
-1349
465
1268
-423
-1373
469
1295
-388
-1337
493
1291
-415
-1372
469
1283
-416
-1372
469
1295
-388
-1337
505
1307
-420
-1399
446
1275
-417
-1360
509
1334
-385
-1363
470
1271
-444
-1395
485
1326
-386
-1363
482
1299
-421
-1387
486
1314
-414
-1386
486
1314
-414
-1386
486
1314
-414
-1386
486
1314
-414
-1386
498
1330
-419
-1413
463
1306
-415
-1374
526
1353
-411
-1412
463
1294
-443
-1409
502
1357
-384
-1377
499
1318
-447
-1436
479
1337
-413
-1400
503
1345
-412
-1400
503
1333
-440
-1435
479
1337
-413
-1400
515
1361
-417
-1427
480
1325
-441
-1423
519
1376
-410
-1426
480
1325
-441
-1423
519
1376
-410
-1426
492
1341
-446
-1450
496
1368
-411
-1414
520
1364
-438
-1449
496
1356
-439
-1449
496
1368
-411
-1414
532
1380
-443
-1476
473
1348
-440
-1437
536
1407
-408
-1440
497
1344
-467
-1472
512
1399
-409
-1440
509
1372
-444
-1464
513
1387
-437
-1463
513
1387
-437
-1463
513
1387
-437
-1463
513
1387
-437
-1463
525
1403
-442
-1490
490
1379
-438
-1451
553
1426
-434
-1489
490
1367
-466
-1486
529
1430
-407
-1454
526
1391
-470
-1513
506
1410
-436
-1477
530
1418
-435
-1477
530
1406
-463
-1512
506
1410
-436
-1477
542
1434
-440
-1504
507
1398
-464
-1500
546
1449
-433
-1503
507
1398
-464
-1500
546
1449
-433
-1503
519
1414
-469
-1527
523
1441
-434
-1491
547
1437
-461
-1526
523
1429
-462
-1526
523
1441
-434
-1491
559
1453
-466
-1553
500
1421
-463
-1514
563
1480
-431
-1517
524
1417
-490
-1549
539
1472
-432
-1517
536
1445
-467
-1541
540
1460
-460
-1540
540
1460
-460
-1540
540
1460
-460
-1540
540
1460
-460
-1540
552
1476
-465
-1567
517
1452
-461
-1528
580
1499
-457
-1566
517
1440
-489
-1563
556
1503
-430
-1531
553
1464
-493
-1590
533
1483
-459
-1554
557
1491
-458
-1554
557
1479
-486
-1589
533
1483
-459
-1554
569
1507
-463
-1581
534
1471
-487
-1577
573
1522
-456
-1580
534
1471
-487
-1577
573
1522
-456
-1580
546
1487
-492
-1604
550
1514
-457
-1568
574
1510
-484
-1603
550
1502
-485
-1603
550
1514
-457
-1568
586
1526
-489
-1630
527
1494
-486
-1591
590
1553
-454
-1594
551
1490
-513
-1626
566
1545
-455
-1594
563
1518
-490
-1618
567
1533
-483
-1617
567
1533
-483
-1617
567
1533
-483
-1617
567
1533
-483
-1617
579
1549
-488
-1644
544
1525
-484
-1605
607
1572
-480
-1643
544
1513
-512
-1640
583
1576
-453
-1608
580
1537
-516
-1667
560
1556
-482
-1631
584
1564
-481
-1631
584
1552
-509
-1666
560
1556
-482
-1631
596
1580
-486
-1658
561
1544
-510
-1654
600
1595
-479
-1657
561
1544
-510
-1654
600
1595
-479
-1657
573
1560
-515
-1681
577
1587
-480
-1645
601
1583
-507
-1680
577
1575
-508
-1680
577
1587
-480
-1645
613
1599
-512
-1707
554
1567
-509
-1668
617
1626
-477
-1671
578
1563
-536
-1703
593
1618
-478
-1671
590
1591
-513
-1695
594
1606
-506
-1694
594
1606
-506
-1694
594
1606
-506
-1694
594
1606
-506
-1694
606
1622
-511
-1721
571
1598
-507
-1682
634
1645
-503
-1720
571
1586
-535
-1717
610
1649
-476
-1685
607
1610
-539
-1744
587
1629
-505
-1708
611
1637
-504
-1708
611
1625
-532
-1743
587
1629
-505
-1708
623
1653
-509
-1735
588
1617
-533
-1731
627
1668
-502
-1734
588
1617
-533
-1731
627
1668
-502
-1734
600
1633
-538
-1758
604
1660
-503
-1722
628
1656
-530
-1757
604
1648
-531
-1757
604
1660
-503
-1722
640
1672
-535
-1784
581
1640
-532
-1745
644
1699
-500
-1748
605
1636
-559
-1780
620
1691
-501
-1748
617
1664
-536
-1772
621
1679
-529
-1771
621
1679
-529
-1771
621
1679
-529
-1771
621
1679
-529
-1771
633
1695
-534
-1798
598
1671
-530
-1759
661
1718
-526
-1797
598
1659
-558
-1794
637
1722
-499
-1762
634
1683
-562
-1821
614
1702
-528
-1785
638
1710
-527
-1785
638
1698
-555
-1820
614
1702
-528
-1785
650
1726
-532
-1812
615
1690
-556
-1808
654
1741
-525
-1811
615
1690
-556
-1808
654
1741
-525
-1811
627
1706
-561
-1835
631
1733
-526
-1799
655
1729
-553
-1834
631
1721
-554
-1834
631
1733
-526
-1799
667
1745
-558
-1861
608
1713
-555
-1822
671
1772
-523
-1825
632
1709
-582
-1857
647
1764
-524
-1825
644
1737
-559
-1849
648
1752
-552
-1848
648
1752
-552
-1848
648
1752
-552
-1848
648
1752
-552
-1848
660
1768
-557
-1875
625
1744
-553
-1836
688
1791
-549
-1874
625
1732
-581
-1871
664
1795
-522
-1839
661
1756
-585
-1898
641
1775
-551
-1862
665
1783
-550
-1862
665
1771
-578
-1897
641
1775
-551
-1862
677
1799
-555
-1889
642
1763
-579
-1885
681
1814
-548
-1888
642
1763
-579
-1885
681
1814
-548
-1888
654
1779
-584
-1912
658
1806
-549
-1876
682
1802
-576
-1911
658
1794
-577
-1911
658
1806
-549
-1876
694
1818
-581
-1938
635
1786
-578
-1899
698
1845
-546
-1902
659
1782
-605
-1934
674
1837
-547
-1902
671
1810
-582
-1926
675
1825
-575
-1925
675
1825
-575
-1925
675
1825
-575
-1925
675
1825
-575
-1925
687
1841
-580
-1952
652
1817
-576
-1913
715
1864
-572
-1951
652
1805
-604
-1948
691
1868
-545
-1916
688
1829
-608
-1975
668
1848
-574
-1939
692
1856
-573
-1939
692
1844
-601
-1974
668
1848
-574
-1939
704
1872
-578
-1966
669
1836
-602
-1962
708
1887
-571
-1965
669
1836
-602
-1962
708
1887
-571
-1965
681
1852
-607
-1989
685
1879
-572
-1953
709
1875
-599
-1988
685
1867
-600
-1988
685
1879
-572
-1953
721
1891
-604
-2015
662
1859
-601
-1976
725
1918
-569
-1979
686
1855
-628
-2011
701
1910
-570
-1979
698
1883
-605
-2003
702
1898
-598
-2002
702
1898
-598
-2002
702
1898
-598
-2002
702
1898
-598
-2002
714
1914
-603
-2029
679
1890
-599
-1990
742
1937
-595
-2028
679
1878
-627
-2025
718
1941
-568
-1993
715
1902
-631
-2052
695
1921
-597
-2016
719
1929
-596
-2016
719
1917
-624
-2051
695
1921
-597
-2016
731
1945
-601
-2043
696
1909
-625
-2039
735
1960
-594
-2042
696
1909
-625
-2039
735
1960
-594
-2042
708
1925
-630
-2066
712
1952
-595
-2030
736
1948
-622
-2065
712
1940
-623
-2065
712
1952
-595
-2030
748
1964
-627
-2092
689
1932
-624
-2053
752
1991
-592
-2056
713
1928
-651
-2088
728
1983
-593
-2056
725
1956
-628
-2080
729
1971
-621
-2079
729
1971
-621
-2079
729
1971
-621
-2079
729
1971
-621
-2079
741
1987
-626
-2106
706
1963
-622
-2067
769
2010
-618
-2105
706
1951
-650
-2102
745
2014
-591
-2070
742
1975
-654
-2129
722
1994
-620
-2093
746
2002
-619
-2093
746
1990
-647
-2128
722
1994
-620
-2093
758
2018
-624
-2120
723
1982
-648
-2116
762
2033
-617
-2119
723
1982
-648
-2116
762
2033
-617
-2119
735
1998
-653
-2143
739
2025
-618
-2107
763
2021
-645
-2142
739
2013
-646
-2142
739
2025
-618
-2107
775
2037
-650
-2169
716
2005
-647
-2130
779
2064
-615
-2133
740
2001
-674
-2165
755
2056
-616
-2133
752
2029
-651
-2157
756
2044
-644
-2156
756
2044
-644
-2156
756
2044
-644
-2156
756
2044
-644
-2156
768
2060
-649
-2183
733
2036
-645
-2144
796
2083
-641
-2182
733
2024
-673
-2179
772
2087
-614
-2147
769
2048
-677
-2206
749
2067
-643
-2170
773
2075
-642
-2170
773
2063
-670
-2205
749
2067
-643
-2170
785
2091
-647
-2197
750
2055
-671
-2193
789
2106
-640
-2196
750
2055
-671
-2193
789
2106
-640
-2196
762
2071
-676
-2220
766
2098
-641
-2184
790
2094
-668
-2219
766
2086
-669
-2219
766
2098
-641
-2184
802
2110
-673
-2246
743
2078
-670
-2207
806
2137
-638
-2210
767
2074
-697
-2242
782
2129
-639
-2210
779
2102
-674
-2234
783
2117
-667
-2233
783
2117
-667
-2233
783
2117
-667
-2233
783
2117
-667
-2233
795
2133
-672
-2260
760
2109
-668
-2221
823
2156
-664
-2259
760
2097
-696
-2256
799
2160
-637
-2224
796
2121
-700
-2283
776
2140
-666
-2247
800
2148
-665
-2247
800
2136
-693
-2282
776
2140
-666
-2247
812
2164
-670
-2274
777
2128
-694
-2270
816
2179
-663
-2273
777
2128
-694
-2270
816
2179
-663
-2273
789
2144
-699
-2297
793
2171
-664
-2261
817
2167
-691
-2296
793
2159
-692
-2296
793
2171
-664
-2261
829
2183
-696
-2323
770
2151
-693
-2284
833
2210
-661
-2287
794
2147
-720
-2319
809
2202
-662
-2287
806
2175
-697
-2311
810
2190
-690
-2310
810
2190
-690
-2310
810
2190
-690
-2310
810
2190
-690
-2310
822
2206
-695
-2337
787
2182
-691
-2298
850
2229
-687
-2336
787
2170
-719
-2333
826
2233
-660
-2301
823
2194
-723
-2360
803
2213
-689
-2324
827
2221
-688
-2324
827
2209
-716
-2359
803
2213
-689
-2324
839
2237
-693
-2351
804
2201
-717
-2347
843
2252
-686
-2350
804
2201
-717
-2347
843
2252
-686
-2350
816
2217
-722
-2374
820
2244
-687
-2338
844
2240
-714
-2373
820
2232
-715
-2373
820
2244
-687
-2338
856
2256
-719
-2400
797
2224
-716
-2361
860
2283
-684
-2364
821
2220
-743
-2396
836
2275
-685
-2364
833
2248
-720
-2388
837
2263
-713
-2387
837
2263
-713
-2387
837
2263
-713
-2387
837
2263
-713
-2387
849
2279
-718
-2414
814
2255
-714
-2375
877
2302
-710
-2413
814
2243
-742
-2410
853
2306
-683
-2378
850
2267
-746
-2437
830
2286
-712
-2401
854
2294
-711
-2401
854
2282
-739
-2436
830
2286
-712
-2401
866
2310
-716
-2428
831
2274
-740
-2424
870
2325
-709
-2427
831
2274
-740
-2424
870
2325
-709
-2427
843
2290
-745
-2451
847
2317
-710
-2415
871
2313
-737
-2450
847
2305
-738
-2450
847
2317
-710
-2415
883
2329
-742
-2477
824
2297
-739
-2438
887
2356
-707
-2441
848
2293
-766
-2473
863
2348
-708
-2441
860
2321
-743
-2465
864
2336
-736
-2464
864
2336
-736
-2464
864
2336
-736
-2464
864
2336
-736
-2464
876
2352
-741
-2491
841
2328
-737
-2452
904
2375
-733
-2490
841
2316
-765
-2487
880
2379
-706
-2455
877
2340
-769
-2514
857
2359
-735
-2478
881
2367
-734
-2478
881
2355
-762
-2513
857
2359
-735
-2478
893
2383
-739
-2505
858
2347
-763
-2501
897
2398
-732
-2504
858
2347
-763
-2501
897
2398
-732
-2504
870
2363
-768
-2528
874
2390
-733
-2492
898
2386
-760
-2527
874
2378
-761
-2527
874
2390
-733
-2492
910
2402
-765
-2554
851
2370
-762
-2515
914
2429
-730
-2518
875
2366
-789
-2550
890
2421
-731
-2518
887
2394
-766
-2542
891
2409
-759
-2541
891
2409
-759
-2541
891
2409
-759
-2541
891
2409
-759
-2541
903
2425
-764
-2568
868
2401
-760
-2529
931
2448
-756
-2567
868
2389
-788
-2564
907
2452
-729
-2532
904
2413
-792
-2591
884
2432
-758
-2555
908
2440
-757
-2555
908
2428
-785
-2590
884
2432
-758
-2555
920
2456
-762
-2582
885
2420
-786
-2578
924
2471
-755
-2581
885
2420
-786
-2578
924
2471
-755
-2581
897
2436
-791
-2605
901
2463
-756
-2569
925
2459
-783
-2604
901
2451
-784
-2604
901
2463
-756
-2569
937
2475
-788
-2631
878
2443
-785
-2592
941
2502
-753
-2595
902
2439
-812
-2627
917
2494
-754
-2595
914
2467
-789
-2619
918
2482
-782
-2618
918
2482
-782
-2618
918
2482
-782
-2618
918
2482
-782
-2618
930
2498
-787
-2645
895
2474
-783
-2606
958
2521
-779
-2644
895
2462
-811
-2641
934
2525
-752
-2609
931
2486
-815
-2668
911
2505
-781
-2632
935
2513
-780
-2632
935
2501
-808
-2667
911
2505
-781
-2632
947
2529
-785
-2659
912
2493
-809
-2655
951
2544
-778
-2658
912
2493
-809
-2655
951
2544
-778
-2658
924
2509
-814
-2682
928
2536
-779
-2646
952
2532
-806
-2681
928
2524
-807
-2681
928
2536
-779
-2646
964
2548
-811
-2708
905
2516
-808
-2669
968
2575
-776
-2672
929
2512
-835
-2704
944
2567
-777
-2672
941
2540
-812
-2696
945
2555
-805
-2695
945
2555
-805
-2695
945
2555
-805
-2695
945
2555
-805
-2695
957
2571
-810
-2722
922
2547
-806
-2683
985
2594
-802
-2721
922
2535
-834
-2718
961
2598
-775
-2686
958
2559
-838
-2745
938
2578
-804
-2709
962
2586
-803
-2709
962
2574
-831
-2744
938
2578
-804
-2709
974
2602
-808
-2736
939
2566
-832
-2732
978
2617
-801
-2735
939
2566
-832
-2732
978
2617
-801
-2735
951
2582
-837
-2759
955
2609
-802
-2723
979
2605
-829
-2758
955
2597
-830
-2758
955
2609
-802
-2723
991
2621
-834
-2785
932
2589
-831
-2746
995
2648
-799
-2749
956
2585
-858
-2781
971
2640
-800
-2749
968
2613
-835
-2773
972
2628
-828
-2772
972
2628
-828
-2772
972
2628
-828
-2772
972
2628
-828
-2772
984
2644
-833
-2799
949
2620
-829
-2760
1012
2667
-825
-2798
949
2608
-857
-2795
988
2671
-798
-2763
985
2632
-861
-2822
965
2651
-827
-2786
989
2659
-826
-2786
989
2647
-854
-2821
965
2651
-827
-2786
1001
2675
-831
-2813
966
2639
-855
-2809
1005
2690
-824
-2812
966
2639
-855
-2809
1005
2690
-824
-2812
978
2655
-860
-2836
982
2682
-825
-2800
1006
2678
-852
-2835
982
2670
-853
-2835
982
2682
-825
-2800
1018
2694
-857
-2862
959
2662
-854
-2823
1022
2721
-822
-2826
983
2658
-881
-2858
998
2713
-823
-2826
995
2686
-858
-2850
999
2701
-851
-2849
999
2701
-851
-2849
999
2701
-851
-2849
999
2701
-851
-2849
1011
2717
-856
-2876
976
2693
-852
-2837
1039
2740
-848
-2875
976
2681
-880
-2872
1015
2744
-821
-2840
1012
2705
-884
-2899
992
2724
-850
-2863
1016
2732
-849
-2863
1016
2720
-877
-2898
992
2724
-850
-2863
1028
2748
-854
-2890
993
2712
-878
-2886
1032
2763
-847
-2889
993
2712
-878
-2886
1032
2763
-847
-2889
1005
2728
-883
-2913
1009
2755
-848
-2877
1033
2751
-875
-2912
1009
2743
-876
-2912
1009
2755
-848
-2877
1045
2767
-880
-2939
986
2735
-877
-2900
1049
2794
-845
-2903
1010
2731
-904
-2935
1025
2786
-846
-2903
1022
2759
-881
-2927
1026
2774
-874
-2926
1026
2774
-874
-2926
1026
2774
-874
-2926
1026
2774
-874
-2926
1038
2790
-879
-2953
1003
2766
-875
-2914
1066
2813
-871
-2952
1003
2754
-903
-2949
1042
2817
-844
-2917
1039
2778
-907
-2976
1019
2797
-873
-2940
1043
2805
-872
-2940
1043
2793
-900
-2975
1019
2797
-873
-2940
1055
2821
-877
-2967
1020
2785
-901
-2963
1059
2836
-870
-2966
1020
2785
-901
-2963
1059
2836
-870
-2966
1032
2801
-906
-2990
1036
2828
-871
-2954
1060
2824
-898
-2989
1036
2816
-899
-2989
1036
2828
-871
-2954
1072
2840
-903
-3016
1013
2808
-900
-2977
1076
2867
-868
-2980
1037
2804
-927
-3012
1052
2859
-869
-2980
1049
2832
-904
-3004
1053
2847
-897
-3003
1053
2847
-897
-3003
1053
2847
-897
-3003
1053
2847
-897
-3003
1065
2863
-902
-3030
1030
2839
-898
-2991
1093
2886
-894
-3029
1030
2827
-926
-3026
1069
2890
-867
-2994
1066
2851
-930
-3053
1046
2870
-896
-3017
1070
2878
-895
-3017
1070
2866
-923
-3052
1046
2870
-896
-3017
1082
2894
-900
-3044
1047
2858
-924
-3040
1086
2909
-893
-3043
1047
2858
-924
-3040
1086
2909
-893
-3043
1059
2874
-929
-3067
1063
2901
-894
-3031
1087
2897
-921
-3066
1063
2889
-922
-3066
1063
2901
-894
-3031
1099
2913
-926
-3093
1040
2881
-923
-3054
1103
2940
-891
-3057
1064
2877
-950
-3089
1079
2932
-892
-3057
1076
2905
-927
-3081
1080
2920
-920
-3080
1080
2920
-920
-3080
1080
2920
-920
-3080
1080
2920
-920
-3080
1092
2936
-925
-3107
1057
2912
-921
-3068
1120
2959
-917
-3106
1057
2900
-949
-3103
1096
2963
-890
-3071
1093
2924
-953
-3130
1073
2943
-919
-3094
1097
2951
-918
-3094
1097
2939
-946
-3129
1073
2943
-919
-3094
1109
2967
-923
-3121
1074
2931
-947
-3117
1113
2982
-916
-3120
1074
2931
-947
-3117
1113
2982
-916
-3120
1086
2947
-952
-3144
1090
2974
-917
-3108
1114
2970
-944
-3143
1090
2962
-945
-3143
1090
2974
-917
-3108
1126
2986
-949
-3170
1067
2954
-946
-3131
1130
3013
-914
-3134
1091
2950
-973
-3166
1106
3005
-915
-3134
1103
2978
-950
-3158
1107
2993
-943
-3157
1107
2993
-943
-3157
1107
2993
-943
-3157
1107
2993
-943
-3157
1119
3009
-948
-3184
1084
2985
-944
-3145
1147
3032
-940
-3183
1084
2973
-972
-3180
1123
3036
-913
-3148
1120
2997
-976
-3207
1100
3016
-942
-3171
1124
3024
-941
-3171
1124
3012
-969
-3206
1100
3016
-942
-3171
1136
3040
-946
-3198
1101
3004
-970
-3194
1140
3055
-939
-3197
1101
3004
-970
-3194
1140
3055
-939
-3197
1113
3020
-975
-3221
1117
3047
-940
-3185
1141
3043
-967
-3220
1117
3035
-968
-3220
1117
3047
-940
-3185
1153
3059
-972
-3247
1094
3027
-969
-3208
1157
3086
-937
-3211
1118
3023
-996
-3243
1133
3078
-938
-3211
1130
3051
-973
-3235
1134
3066
-966
-3234
1134
3066
-966
-3234
1134
3066
-966
-3234
1134
3066
-966
-3234
1146
3082
-971
-3261
1111
3058
-967
-3222
1174
3105
-963
-3260
1111
3046
-995
-3257
1150
3109
-936
-3225
1147
3070
-999
-3284
1127
3089
-965
-3248
1151
3097
-964
-3248
1151
3085
-992
-3283
1127
3089
-965
-3248
1163
3113
-969
-3275
1128
3077
-993
-3271
1167
3128
-962
-3274
1128
3077
-993
-3271
1167
3128
-962
-3274
1140
3093
-998
-3298
1144
3120
-963
-3262
1168
3116
-990
-3297
1144
3108
-991
-3297
1144
3120
-963
-3262
1180
3132
-995
-3324
1121
3100
-992
-3285
1184
3159
-960
-3288
1145
3096
-1019
-3320
1160
3151
-961
-3288
1157
3124
-996
-3312
1161
3139
-989
-3311
1161
3139
-989
-3311
1161
3139
-989
-3311
1161
3139
-989
-3311
1173
3155
-994
-3338
1138
3131
-990
-3299
1201
3178
-986
-3337
1138
3119
-1018
-3334
1177
3182
-959
-3302
1174
3143
-1022
-3361
1154
3162
-988
-3325
1178
3170
-987
-3325
1178
3158
-1015
-3360
1154
3162
-988
-3325
1190
3186
-992
-3352
1155
3150
-1016
-3348
1194
3201
-985
-3351
1155
3150
-1016
-3348
1194
3201
-985
-3351
1167
3166
-1021
-3375
1171
3193
-986
-3339
1195
3189
-1013
-3374
1171
3181
-1014
-3374
1171
3193
-986
-3339
1207
3205
-1018
-3401
1148
3173
-1015
-3362
1211
3232
-983
-3365
1172
3169
-1042
-3397
1187
3224
-984
-3365
1184
3197
-1019
-3389
1188
3212
-1012
-3388
1188
3212
-1012
-3388
1188
3212
-1012
-3388
1188
3212
-1012
-3388
1200
3228
-1017
-3415
1165
3204
-1013
-3376
1228
3251
-1009
-3414
1165
3192
-1041
-3411
1204
3255
-982
-3379
1201
3216
-1045
-3438
1181
3235
-1011
-3402
1205
3243
-1010
-3402
1205
3231
-1038
-3437
1181
3235
-1011
-3402
1217
3259
-1015
-3429
1182
3223
-1039
-3425
1221
3274
-1008
-3428
1182
3223
-1039
-3425
1221
3274
-1008
-3428
1194
3239
-1044
-3452
1198
3266
-1009
-3416
1222
3262
-1036
-3451
1198
3254
-1037
-3451
1198
3266
-1009
-3416
1234
3278
-1041
-3478
1175
3246
-1038
-3439
1238
3305
-1006
-3442
1199
3242
-1065
-3474
1214
3297
-1007
-3442
1211
3270
-1042
-3466
1215
3285
-1035
-3465
1215
3285
-1035
-3465
1215
3285
-1035
-3465
1215
3285
-1035
-3465
1227
3301
-1040
-3492
1192
3277
-1036
-3453
1255
3324
-1032
-3491
1192
3265
-1064
-3488
1231
3328
-1005
-3456
1228
3289
-1068
-3515
1208
3308
-1034
-3479
1232
3316
-1033
-3479
1232
3304
-1061
-3514
1208
3308
-1034
-3479
1244
3332
-1038
-3506
1209
3296
-1062
-3502
1248
3347
-1031
-3505
1209
3296
-1062
-3502
1248
3347
-1031
-3505
1221
3312
-1067
-3529
1225
3339
-1032
-3493
1249
3335
-1059
-3528
1225
3327
-1060
-3528
1225
3339
-1032
-3493
1261
3351
-1064
-3555
1202
3319
-1061
-3516
1265
3378
-1029
-3519
1226
3315
-1088
-3551
1241
3370
-1030
-3519
1238
3343
-1065
-3543
1242
3358
-1058
-3542
1242
3358
-1058
-3542
1242
3358
-1058
-3542
1242
3358
-1058
-3542
1254
3374
-1063
-3569
1219
3350
-1059
-3530
1282
3397
-1055
-3568
1219
3338
-1087
-3565
1258
3401
-1028
-3533
1255
3362
-1091
-3592
1235
3381
-1057
-3556
1259
3389
-1056
-3556
1259
3377
-1084
-3591
1235
3381
-1057
-3556
1271
3405
-1061
-3583
1236
3369
-1085
-3579
1275
3420
-1054
-3582
1236
3369
-1085
-3579
1275
3420
-1054
-3582
1248
3385
-1090
-3606
1252
3412
-1055
-3570
1276
3408
-1082
-3605
1252
3400
-1083
-3605
1252
3412
-1055
-3570
1288
3424
-1087
-3632
1229
3392
-1084
-3593
1292
3451
-1052
-3596
1253
3388
-1111
-3628
1268
3443
-1053
-3596
1265
3416
-1088
-3620
1269
3431
-1081
-3619
1269
3431
-1081
-3619
1269
3431
-1081
-3619
1269
3431
-1081
-3619
1281
3447
-1086
-3646
1246
3423
-1082
-3607
1309
3470
-1078
-3645
1246
3411
-1110
-3642
1285
3474
-1051
-3610
1282
3435
-1114
-3669
1262
3454
-1080
-3633
1286
3462
-1079
-3633
1286
3450
-1107
-3668
1262
3454
-1080
-3633
1298
3478
-1084
-3660
1263
3442
-1108
-3656
1302
3493
-1077
-3659
1263
3442
-1108
-3656
1302
3493
-1077
-3659
1275
3458
-1113
-3683
1279
3485
-1078
-3647
1303
3481
-1105
-3682
1279
3473
-1106
-3682
1279
3485
-1078
-3647
1315
3497
-1110
-3709
1256
3465
-1107
-3670
1319
3524
-1075
-3673
1280
3461
-1134
-3705
1295
3516
-1076
-3673
1292
3489
-1111
-3697
1296
3504
-1104
-3696
1296
3504
-1104
-3696
1296
3504
-1104
-3696
1296
3504
-1104
-3696
1308
3520
-1109
-3723
1273
3496
-1105
-3684
1336
3543
-1101
-3722
1273
3484
-1133
-3719
1312
3547
-1074
-3687
1309
3508
-1137
-3746
1289
3527
-1103
-3710
1313
3535
-1102
-3710
1313
3523
-1130
-3745
1289
3527
-1103
-3710
1325
3551
-1107
-3737
1290
3515
-1131
-3733
1329
3566
-1100
-3736
1290
3515
-1131
-3733
1329
3566
-1100
-3736
1302
3531
-1136
-3760
1306
3558
-1101
-3724
1330
3554
-1128
-3759
1306
3546
-1129
-3759
1306
3558
-1101
-3724
1342
3570
-1133
-3786
1283
3538
-1130
-3747
1346
3597
-1098
-3750
1307
3534
-1157
-3782
1322
3589
-1099
-3750
1319
3562
-1134
-3774
1323
3577
-1127
-3773
1323
3577
-1127
-3773
1323
3577
-1127
-3773
1323
3577
-1127
-3773
1335
3593
-1132
-3800
1300
3569
-1128
-3761
1363
3616
-1124
-3799
1300
3557
-1156
-3796
1339
3620
-1097
-3764
1336
3581
-1160
-3823
1316
3600
-1126
-3787
1340
3608
-1125
-3787
1340
3596
-1153
-3822
1316
3600
-1126
-3787
1352
3624
-1130
-3814
1317
3588
-1154
-3810
1356
3639
-1123
-3813
1317
3588
-1154
-3810
1356
3639
-1123
-3813
1329
3604
-1159
-3837
1333
3631
-1124
-3801
1357
3627
-1151
-3836
1333
3619
-1152
-3836
1333
3631
-1124
-3801
1369
3643
-1156
-3863
1310
3611
-1153
-3824
1373
3670
-1121
-3827
1334
3607
-1180
-3859
1349
3662
-1122
-3827
1346
3635
-1157
-3851
1350
3650
-1150
-3850
1350
3650
-1150
-3850
1350
3650
-1150
-3850
1350
3650
-1150
-3850
1362
3666
-1155
-3877
1327
3642
-1151
-3838
1390
3689
-1147
-3876
1327
3630
-1179
-3873
1366
3693
-1120
-3841
1363
3654
-1183
-3900
1343
3673
-1149
-3864
1367
3681
-1148
-3864
1367
3669
-1176
-3899
1343
3673
-1149
-3864
1379
3697
-1153
-3891
1344
3661
-1177
-3887
1383
3712
-1146
-3890
1344
3661
-1177
-3887
1383
3712
-1146
-3890
1356
3677
-1182
-3914
1360
3704
-1147
-3878
1384
3700
-1174
-3913
1360
3692
-1175
-3913
1360
3704
-1147
-3878
1396
3716
-1179
-3940
1337
3684
-1176
-3901
1400
3743
-1144
-3904
1361
3680
-1203
-3936
1376
3735
-1145
-3904
1373
3708
-1180
-3928
1377
3723
-1173
-3927
1377
3723
-1173
-3927
1377
3723
-1173
-3927
1377
3723
-1173
-3927
1389
3739
-1178
-3954
1354
3715
-1174
-3915
1417
3762
-1170
-3953
1354
3703
-1202
-3950
1393
3766
-1143
-3918
1390
3727
-1206
-3977
1370
3746
-1172
-3941
1394
3754
-1171
-3941
1394
3742
-1199
-3976
1370
3746
-1172
-3941
1406
3770
-1176
-3968
1371
3734
-1200
-3964
1410
3785
-1169
-3967
1371
3734
-1200
-3964
1410
3785
-1169
-3967
1383
3750
-1205
-3991
1387
3777
-1170
-3955
1411
3773
-1197
-3990
1387
3765
-1198
-3990
1387
3777
-1170
-3955
1423
3789
-1202
-4017
1364
3757
-1199
-3978
1427
3816
-1167
-3981
1388
3753
-1226
-4013
1403
3808
-1168
-3981
1400
3781
-1203
-4005
1404
3796
-1196
-4004
1404
3796
-1196
-4004
1404
3796
-1196
-4004
1404
3796
-1196
-4004
1416
3812
-1201
-4031
1381
3788
-1197
-3992
1444
3835
-1193
-4030
1381
3776
-1225
-4027
1420
3839
-1166
-3995
1417
3800
-1229
-4054
1397
3819
-1195
-4018
1421
3827
-1194
-4018
1421
3815
-1222
-4053
1397
3819
-1195
-4018
1433
3843
-1199
-4045
1398
3807
-1223
-4041
1437
3858
-1192
-4044
1398
3807
-1223
-4041
1437
3858
-1192
-4044
1410
3823
-1228
-4068
1414
3850
-1193
-4032
1438
3846
-1220
-4067
1414
3838
-1221
-4067
1414
3850
-1193
-4032
1450
3862
-1225
-4094
1391
3830
-1222
-4055
1454
3889
-1190
-4058
1415
3826
-1249
-4090
1430
3881
-1191
-4058
1427
3854
-1226
-4082
1431
3869
-1219
-4081
1431
3869
-1219
-4081
1431
3869
-1219
-4081
1431
3869
-1219
-4081
1443
3885
-1224
-4108
1408
3861
-1220
-4069
1471
3908
-1216
-4107
1408
3849
-1248
-4104
1447
3912
-1189
-4072
1444
3873
-1252
-4131
1424
3892
-1218
-4095
1448
3900
-1217
-4095
1448
3888
-1245
-4130
1424
3892
-1218
-4095
1460
3916
-1222
-4122
1425
3880
-1246
-4118
1464
3931
-1215
-4121
1425
3880
-1246
-4118
1464
3931
-1215
-4121
1437
3896
-1251
-4145
1441
3923
-1216
-4109
1465
3919
-1243
-4144
1441
3911
-1244
-4144
1441
3923
-1216
-4109
1477
3935
-1248
-4171
1418
3903
-1245
-4132
1481
3962
-1213
-4135
1442
3899
-1272
-4167
1457
3954
-1214
-4135
1454
3927
-1249
-4159
1458
3942
-1242
-4158
1458
3942
-1242
-4158
1458
3942
-1242
-4158
1458
3942
-1242
-4158
1470
3958
-1247
-4185
1435
3934
-1243
-4146
1498
3981
-1239
-4184
1435
3922
-1271
-4181
1474
3985
-1212
-4149
1471
3946
-1275
-4208
1451
3965
-1241
-4172
1475
3973
-1240
-4172
1475
3961
-1268
-4207
1451
3965
-1241
-4172
1487
3989
-1245
-4199
1452
3953
-1269
-4195
1491
4004
-1238
-4198
1452
3953
-1269
-4195
1491
4004
-1238
-4198
1464
3969
-1274
-4222
1468
3996
-1239
-4186
1492
3992
-1266
-4221
1468
3984
-1267
-4221
1468
3996
-1239
-4186
1504
4008
-1271
-4248
1445
3976
-1268
-4209
1508
4035
-1236
-4212
1469
3972
-1295
-4244
1484
4027
-1237
-4212
1481
4000
-1272
-4236
1485
4015
-1265
-4235
1485
4015
-1265
-4235
1485
4015
-1265
-4235
1485
4015
-1265
-4235
1497
4031
-1270
-4262
1462
4007
-1266
-4223
1525
4054
-1262
-4261
1462
3995
-1294
-4258
1501
4058
-1235
-4226
1498
4019
-1298
-4285
1478
4038
-1264
-4249
1502
4046
-1263
-4249
1502
4034
-1291
-4284
1478
4038
-1264
-4249
1514
4062
-1268
-4276
1479
4026
-1292
-4272
1518
4077
-1261
-4275
1479
4026
-1292
-4272
1518
4077
-1261
-4275
1491
4042
-1297
-4299
1495
4069
-1262
-4263
1519
4065
-1289
-4298
1495
4057
-1290
-4298
1495
4069
-1262
-4263
1531
4081
-1294
-4325
1472
4049
-1291
-4286
1535
4108
-1259
-4289
1496
4045
-1318
-4321
1511
4100
-1260
-4289
1508
4073
-1295
-4313
1512
4088
-1288
-4312
1512
4088
-1288
-4312
1512
4088
-1288
-4312
1512
4088
-1288
-4312
1524
4104
-1293
-4339
1489
4080
-1289
-4300
1552
4127
-1285
-4338
1489
4068
-1317
-4335
1528
4131
-1258
-4303
1525
4092
-1321
-4362
1505
4111
-1287
-4326
1529
4119
-1286
-4326
1529
4107
-1314
-4361
1505
4111
-1287
-4326
1541
4135
-1291
-4353
1506
4099
-1315
-4349
1545
4150
-1284
-4352
1506
4099
-1315
-4349
1545
4150
-1284
-4352
1518
4115
-1320
-4376
1522
4142
-1285
-4340
1546
4138
-1312
-4375
1522
4130
-1313
-4375
1522
4142
-1285
-4340
1558
4154
-1317
-4402
1499
4122
-1314
-4363
1562
4181
-1282
-4366
1523
4118
-1341
-4398
1538
4173
-1283
-4366
1535
4146
-1318
-4390
1539
4161
-1311
-4389
1539
4161
-1311
-4389
1539
4161
-1311
-4389
1539
4161
-1311
-4389
1551
4177
-1316
-4416
1516
4153
-1312
-4377
1579
4200
-1308
-4415
1516
4141
-1340
-4412
1555
4204
-1281
-4380
1552
4165
-1344
-4439
1532
4184
-1310
-4403
1556
4192
-1309
-4403
1556
4180
-1337
-4438
1532
4184
-1310
-4403
1568
4208
-1314
-4430
1533
4172
-1338
-4426
1572
4223
-1307
-4429
1533
4172
-1338
-4426
1572
4223
-1307
-4429
1545
4188
-1343
-4453
1549
4215
-1308
-4417
1573
4211
-1335
-4452
1549
4203
-1336
-4452
1549
4215
-1308
-4417
1585
4227
-1340
-4479
1526
4195
-1337
-4440
1589
4254
-1305
-4443
1550
4191
-1364
-4475
1565
4246
-1306
-4443
1562
4219
-1341
-4467
1566
4234
-1334
-4466
1566
4234
-1334
-4466
1566
4234
-1334
-4466
1566
4234
-1334
-4466
1578
4250
-1339
-4493
1543
4226
-1335
-4454
1606
4273
-1331
-4492
1543
4214
-1363
-4489
1582
4277
-1304
-4457
1579
4238
-1367
-4516
1559
4257
-1333
-4480
1583
4265
-1332
-4480
1583
4253
-1360
-4515
1559
4257
-1333
-4480
1595
4281
-1337
-4507
1560
4245
-1361
-4503
1599
4296
-1330
-4506
1560
4245
-1361
-4503
1599
4296
-1330
-4506
1572
4261
-1366
-4530
1576
4288
-1331
-4494
1600
4284
-1358
-4529
1576
4276
-1359
-4529
1576
4288
-1331
-4494
1612
4300
-1363
-4556
1553
4268
-1360
-4517
1616
4327
-1328
-4520
1577
4264
-1387
-4552
1592
4319
-1329
-4520
1589
4292
-1364
-4544
1593
4307
-1357
-4543
1593
4307
-1357
-4543
1593
4307
-1357
-4543
1593
4307
-1357
-4543
1605
4323
-1362
-4570
1570
4299
-1358
-4531
1633
4346
-1354
-4569
1570
4287
-1386
-4566
1609
4350
-1327
-4534
1606
4311
-1390
-4593
1586
4330
-1356
-4557
1610
4338
-1355
-4557
1610
4326
-1383
-4592
1586
4330
-1356
-4557
1622
4354
-1360
-4584
1587
4318
-1384
-4580
1626
4369
-1353
-4583
1587
4318
-1384
-4580
1626
4369
-1353
-4583
1599
4334
-1389
-4607
1603
4361
-1354
-4571
1627
4357
-1381
-4606
1603
4349
-1382
-4606
1603
4361
-1354
-4571
1639
4373
-1386
-4633
1580
4341
-1383
-4594
1643
4400
-1351
-4597
1604
4337
-1410
-4629
1619
4392
-1352
-4597
1616
4365
-1387
-4621
1620
4380
-1380
-4620
1620
4380
-1380
-4620
1620
4380
-1380
-4620
1620
4380
-1380
-4620
1632
4396
-1385
-4647
1597
4372
-1381
-4608
1660
4419
-1377
-4646
1597
4360
-1409
-4643
1636
4423
-1350
-4611
1633
4384
-1413
-4670
1613
4403
-1379
-4634
1637
4411
-1378
-4634
1637
4399
-1406
-4669
1613
4403
-1379
-4634
1649
4427
-1383
-4661
1614
4391
-1407
-4657
1653
4442
-1376
-4660
1614
4391
-1407
-4657
1653
4442
-1376
-4660
1626
4407
-1412
-4684
1630
4434
-1377
-4648
1654
4430
-1404
-4683
1630
4422
-1405
-4683
1630
4434
-1377
-4648
1666
4446
-1409
-4710
1607
4414
-1406
-4671
1670
4473
-1374
-4674
1631
4410
-1433
-4706
1646
4465
-1375
-4674
1643
4438
-1410
-4698
1647
4453
-1403
-4697
1647
4453
-1403
-4697
1647
4453
-1403
-4697
1647
4453
-1403
-4697
1659
4469
-1408
-4724
1624
4445
-1404
-4685
1687
4492
-1400
-4723
1624
4433
-1432
-4720
1663
4496
-1373
-4688
1660
4457
-1436
-4747
1640
4476
-1402
-4711
1664
4484
-1401
-4711
1664
4472
-1429
-4746
1640
4476
-1402
-4711
1676
4500
-1406
-4738
1641
4464
-1430
-4734
1680
4515
-1399
-4737
1641
4464
-1430
-4734
1680
4515
-1399
-4737
1653
4480
-1435
-4761
1657
4507
-1400
-4725
1681
4503
-1427
-4760
1657
4495
-1428
-4760
1657
4507
-1400
-4725
1693
4519
-1432
-4787
1634
4487
-1429
-4748
1697
4546
-1397
-4751
1658
4483
-1456
-4783
1673
4538
-1398
-4751
1670
4511
-1433
-4775
1674
4526
-1426
-4774
1674
4526
-1426
-4774
1674
4526
-1426
-4774
1674
4526
-1426
-4774
1686
4542
-1431
-4801
1651
4518
-1427
-4762
1714
4565
-1423
-4800
1651
4506
-1455
-4797
1690
4569
-1396
-4765
1687
4530
-1459
-4824
1667
4549
-1425
-4788
1691
4557
-1424
-4788
1691
4545
-1452
-4823
1667
4549
-1425
-4788
1703
4573
-1429
-4815
1668
4537
-1453
-4811
1707
4588
-1422
-4814
1668
4537
-1453
-4811
1707
4588
-1422
-4814
1680
4553
-1458
-4838
1684
4580
-1423
-4802
1708
4576
-1450
-4837
1684
4568
-1451
-4837
1684
4580
-1423
-4802
1720
4592
-1455
-4864
1661
4560
-1452
-4825
1724
4619
-1420
-4828
1685
4556
-1479
-4860
1700
4611
-1421
-4828
1697
4584
-1456
-4852
1701
4599
-1449
-4851
1701
4599
-1449
-4851
1701
4599
-1449
-4851
1701
4599
-1449
-4851
1713
4615
-1454
-4878
1678
4591
-1450
-4839
1741
4638
-1446
-4877
1678
4579
-1478
-4874
1717
4642
-1419
-4842
1714
4603
-1482
-4901
1694
4622
-1448
-4865
1718
4630
-1447
-4865
1718
4618
-1475
-4900
1694
4622
-1448
-4865
1730
4646
-1452
-4892
1695
4610
-1476
-4888
1734
4661
-1445
-4891
1695
4610
-1476
-4888
1734
4661
-1445
-4891
1707
4626
-1481
-4915
1711
4653
-1446
-4879
1735
4649
-1473
-4914
1711
4641
-1474
-4914
1711
4653
-1446
-4879
1747
4665
-1478
-4941
1688
4633
-1475
-4902
1751
4692
-1443
-4905
1712
4629
-1502
-4937
1727
4684
-1444
-4905
1724
4657
-1479
-4929
1728
4672
-1472
-4928
1728
4672
-1472
-4928
1728
4672
-1472
-4928
1728
4672
-1472
-4928
1740
4688
-1477
-4955
1705
4664
-1473
-4916
1768
4711
-1469
-4954
1705
4652
-1501
-4951
1744
4715
-1442
-4919
1741
4676
-1505
-4978
1721
4695
-1471
-4942
1745
4703
-1470
-4942
1745
4691
-1498
-4977
1721
4695
-1471
-4942
1757
4719
-1475
-4969
1722
4683
-1499
-4965
1761
4734
-1468
-4968
1722
4683
-1499
-4965
1761
4734
-1468
-4968
1734
4699
-1504
-4992
1738
4726
-1469
-4956
1762
4722
-1496
-4991
1738
4714
-1497
-4991
1738
4726
-1469
-4956
1774
4738
-1501
-5018
1715
4706
-1498
-4979
1778
4765
-1466
-4982
1739
4702
-1525
-5014
1754
4757
-1467
-4982
1751
4730
-1502
-5006
1755
4745
-1495
-5005
1755
4745
-1495
-5005
1755
4745
-1495
-5005
1755
4745
-1495
-5005
1767
4761
-1500
-5032
1732
4737
-1496
-4993
1795
4784
-1492
-5031
1732
4725
-1524
-5028
1771
4788
-1465
-4996
1768
4749
-1528
-5055
1748
4768
-1494
-5019
1772
4776
-1493
-5019
1772
4764
-1521
-5054
1748
4768
-1494
-5019
1784
4792
-1498
-5046
1749
4756
-1522
-5042
1788
4807
-1491
-5045
1749
4756
-1522
-5042
1788
4807
-1491
-5045
1761
4772
-1527
-5069
1765
4799
-1492
-5033
1789
4795
-1519
-5068
1765
4787
-1520
-5068
1765
4799
-1492
-5033
1801
4811
-1524
-5095
1742
4779
-1521
-5056
1805
4838
-1489
-5059
1766
4775
-1548
-5091
1781
4830
-1490
-5059
1778
4803
-1525
-5083
1782
4818
-1518
-5082
1782
4818
-1518
-5082
1782
4818
-1518
-5082
1782
4818
-1518
-5082
1794
4834
-1523
-5109
1759
4810
-1519
-5070
1822
4857
-1515
-5108
1759
4798
-1547
-5105
1798
4861
-1488
-5073
1795
4822
-1551
-5132
1775
4841
-1517
-5096
1799
4849
-1516
-5096
1799
4837
-1544
-5131
1775
4841
-1517
-5096
1811
4865
-1521
-5123
1776
4829
-1545
-5119
1815
4880
-1514
-5122
1776
4829
-1545
-5119
1815
4880
-1514
-5122
1788
4845
-1550
-5146
1792
4872
-1515
-5110
1816
4868
-1542
-5145
1792
4860
-1543
-5145
1792
4872
-1515
-5110
1828
4884
-1547
-5172
1769
4852
-1544
-5133
1832
4911
-1512
-5136
1793
4848
-1571
-5168
1808
4903
-1513
-5136
1805
4876
-1548
-5160
1809
4891
-1541
-5159
1809
4891
-1541
-5159
1809
4891
-1541
-5159
1809
4891
-1541
-5159
1821
4907
-1546
-5186
1786
4883
-1542
-5147
1849
4930
-1538
-5185
1786
4871
-1570
-5182
1825
4934
-1511
-5150
1822
4895
-1574
-5209
1802
4914
-1540
-5173
1826
4922
-1539
-5173
1826
4910
-1567
-5208
1802
4914
-1540
-5173
1838
4938
-1544
-5200
1803
4902
-1568
-5196
1842
4953
-1537
-5199
1803
4902
-1568
-5196
1842
4953
-1537
-5199
1815
4918
-1573
-5223
1819
4945
-1538
-5187
1843
4941
-1565
-5222
1819
4933
-1566
-5222
1819
4945
-1538
-5187
1855
4957
-1570
-5249
1796
4925
-1567
-5210
1859
4984
-1535
-5213
1820
4921
-1594
-5245
1835
4976
-1536
-5213
1832
4949
-1571
-5237
1836
4964
-1564
-5236
1836
4964
-1564
-5236
1836
4964
-1564
-5236
1836
4964
-1564
-5236
1848
4980
-1569
-5263
1813
4956
-1565
-5224
1876
5003
-1561
-5262
1813
4944
-1593
-5259
1852
5007
-1534
-5227
1849
4968
-1597
-5286
1829
4987
-1563
-5250
1853
4995
-1562
-5250
1853
4983
-1590
-5285
1829
4987
-1563
-5250
1865
5011
-1567
-5277
1830
4975
-1591
-5273
1869
5026
-1560
-5276
1830
4975
-1591
-5273
1869
5026
-1560
-5276
1842
4991
-1596
-5300
1846
5018
-1561
-5264
1870
5014
-1588
-5299
1846
5006
-1589
-5299
1846
5018
-1561
-5264
1882
5030
-1593
-5326
1823
4998
-1590
-5287
1886
5057
-1558
-5290
1847
4994
-1617
-5322
1862
5049
-1559
-5290
1859
5022
-1594
-5314
1863
5037
-1587
-5313
1863
5037
-1587
-5313
1863
5037
-1587
-5313
1863
5037
-1587
-5313
1875
5053
-1592
-5340
1840
5029
-1588
-5301
1903
5076
-1584
-5339
1840
5017
-1616
-5336
1879
5080
-1557
-5304
1876
5041
-1620
-5363
1856
5060
-1586
-5327
1880
5068
-1585
-5327
1880
5056
-1613
-5362
1856
5060
-1586
-5327
1892
5084
-1590
-5354
1857
5048
-1614
-5350
1896
5099
-1583
-5353
1857
5048
-1614
-5350
1896
5099
-1583
-5353
1869
5064
-1619
-5377
1873
5091
-1584
-5341
1897
5087
-1611
-5376
1873
5079
-1612
-5376
1873
5091
-1584
-5341
1909
5103
-1616
-5403
1850
5071
-1613
-5364
1913
5130
-1581
-5367
1874
5067
-1640
-5399
1889
5122
-1582
-5367
1886
5095
-1617
-5391
1890
5110
-1610
-5390
1890
5110
-1610
-5390
1890
5110
-1610
-5390
1890
5110
-1610
-5390
1902
5126
-1615
-5417
1867
5102
-1611
-5378
1930
5149
-1607
-5416
1867
5090
-1639
-5413
1906
5153
-1580
-5381
1903
5114
-1643
-5440
1883
5133
-1609
-5404
1907
5141
-1608
-5404
1907
5129
-1636
-5439
1883
5133
-1609
-5404
1919
5157
-1613
-5431
1884
5121
-1637
-5427
1923
5172
-1606
-5430
1884
5121
-1637
-5427
1923
5172
-1606
-5430
1896
5137
-1642
-5454
1900
5164
-1607
-5418
1924
5160
-1634
-5453
1900
5152
-1635
-5453
1900
5164
-1607
-5418
1936
5176
-1639
-5480
1877
5144
-1636
-5441
1940
5203
-1604
-5444
1901
5140
-1663
-5476
1916
5195
-1605
-5444
1913
5168
-1640
-5468
1917
5183
-1633
-5467
1917
5183
-1633
-5467
1917
5183
-1633
-5467
1917
5183
-1633
-5467
1929
5199
-1638
-5494
1894
5175
-1634
-5455
1957
5222
-1630
-5493
1894
5163
-1662
-5490
1933
5226
-1603
-5458
1930
5187
-1666
-5517
1910
5206
-1632
-5481
1934
5214
-1631
-5481
1934
5202
-1659
-5516
1910
5206
-1632
-5481
1946
5230
-1636
-5508
1911
5194
-1660
-5504
1950
5245
-1629
-5507
1911
5194
-1660
-5504
1950
5245
-1629
-5507
1923
5210
-1665
-5531
1927
5237
-1630
-5495
1951
5233
-1657
-5530
1927
5225
-1658
-5530
1927
5237
-1630
-5495
1963
5249
-1662
-5557
1904
5217
-1659
-5518
1967
5276
-1627
-5521
1928
5213
-1686
-5553
1943
5268
-1628
-5521
1940
5241
-1663
-5545
1944
5256
-1656
-5544
1944
5256
-1656
-5544
1944
5256
-1656
-5544
1944
5256
-1656
-5544
1956
5272
-1661
-5571
1921
5248
-1657
-5532
1984
5295
-1653
-5570
1921
5236
-1685
-5567
1960
5299
-1626
-5535
1957
5260
-1689
-5594
1937
5279
-1655
-5558
1961
5287
-1654
-5558
1961
5275
-1682
-5593
1937
5279
-1655
-5558
1973
5303
-1659
-5585
1938
5267
-1683
-5581
1977
5318
-1652
-5584
1938
5267
-1683
-5581
1977
5318
-1652
-5584
1950
5283
-1688
-5608
1954
5310
-1653
-5572
1978
5306
-1680
-5607
1954
5298
-1681
-5607
1954
5310
-1653
-5572
1990
5322
-1685
-5634
1931
5290
-1682
-5595
1994
5349
-1650
-5598
1955
5286
-1709
-5630
1970
5341
-1651
-5598
1967
5314
-1686
-5622
1971
5329
-1679
-5621
1971
5329
-1679
-5621
1971
5329
-1679
-5621
1971
5329
-1679
-5621
1983
5345
-1684
-5648
1948
5321
-1680
-5609
2011
5368
-1676
-5647
1948
5309
-1708
-5644
1987
5372
-1649
-5612
1984
5333
-1712
-5671
1964
5352
-1678
-5635
1988
5360
-1677
-5635
1988
5348
-1705
-5670
1964
5352
-1678
-5635
2000
5376
-1682
-5662
1965
5340
-1706
-5658
2004
5391
-1675
-5661
1965
5340
-1706
-5658
2004
5391
-1675
-5661
1977
5356
-1711
-5685
1981
5383
-1676
-5649
2005
5379
-1703
-5684
1981
5371
-1704
-5684
1981
5383
-1676
-5649
2017
5395
-1708
-5711
1958
5363
-1705
-5672
2021
5422
-1673
-5675
1982
5359
-1732
-5707
1997
5414
-1674
-5675
1994
5387
-1709
-5699
1998
5402
-1702
-5698
1998
5402
-1702
-5698
1998
5402
-1702
-5698
1998
5402
-1702
-5698
2010
5418
-1707
-5725
1975
5394
-1703
-5686
2038
5441
-1699
-5724
1975
5382
-1731
-5721
2014
5445
-1672
-5689
2011
5406
-1735
-5748
1991
5425
-1701
-5712
2015
5433
-1700
-5712
2015
5421
-1728
-5747
1991
5425
-1701
-5712
2027
5449
-1705
-5739
1992
5413
-1729
-5735
2031
5464
-1698
-5738
1992
5413
-1729
-5735
2031
5464
-1698
-5738
2004
5429
-1734
-5762
2008
5456
-1699
-5726
2032
5452
-1726
-5761
2008
5444
-1727
-5761
2008
5456
-1699
-5726
2044
5468
-1731
-5788
1985
5436
-1728
-5749
2048
5495
-1696
-5752
2009
5432
-1755
-5784
2024
5487
-1697
-5752
2021
5460
-1732
-5776
2025
5475
-1725
-5775
2025
5475
-1725
-5775
2025
5475
-1725
-5775
2025
5475
-1725
-5775
2037
5491
-1730
-5802
2002
5467
-1726
-5763
2065
5514
-1722
-5801
2002
5455
-1754
-5798
2041
5518
-1695
-5766
2038
5479
-1758
-5825
2018
5498
-1724
-5789
2042
5506
-1723
-5789
2042
5494
-1751
-5824
2018
5498
-1724
-5789
2054
5522
-1728
-5816
2019
5486
-1752
-5812
2058
5537
-1721
-5815
2019
5486
-1752
-5812
2058
5537
-1721
-5815
2031
5502
-1757
-5839
2035
5529
-1722
-5803
2059
5525
-1749
-5838
2035
5517
-1750
-5838
2035
5529
-1722
-5803
2071
5541
-1754
-5865
2012
5509
-1751
-5826
2075
5568
-1719
-5829
2036
5505
-1778
-5861
2051
5560
-1720
-5829
2048
5533
-1755
-5853
2052
5548
-1748
-5852
2052
5548
-1748
-5852
2052
5548
-1748
-5852
2052
5548
-1748
-5852
2064
5564
-1753
-5879
2029
5540
-1749
-5840
2092
5587
-1745
-5878
2029
5528
-1777
-5875
2068
5591
-1718
-5843
2065
5552
-1781
-5902
2045
5571
-1747
-5866
2069
5579
-1746
-5866
2069
5567
-1774
-5901
2045
5571
-1747
-5866
2081
5595
-1751
-5893
2046
5559
-1775
-5889
2085
5610
-1744
-5892
2046
5559
-1775
-5889
2085
5610
-1744
-5892
2058
5575
-1780
-5916
2062
5602
-1745
-5880
2086
5598
-1772
-5915
2062
5590
-1773
-5915
2062
5602
-1745
-5880
2098
5614
-1777
-5942
2039
5582
-1774
-5903
2102
5641
-1742
-5906
2063
5578
-1801
-5938
2078
5633
-1743
-5906
2075
5606
-1778
-5930
2079
5621
-1771
-5929
2079
5621
-1771
-5929
2079
5621
-1771
-5929
2079
5621
-1771
-5929
2091
5637
-1776
-5956
2056
5613
-1772
-5917
2119
5660
-1768
-5955
2056
5601
-1800
-5952
2095
5664
-1741
-5920
2092
5625
-1804
-5979
2072
5644
-1770
-5943
2096
5652
-1769
-5943
2096
5640
-1797
-5978
2072
5644
-1770
-5943
2108
5668
-1774
-5970
2073
5632
-1798
-5966
2112
5683
-1767
-5969
2073
5632
-1798
-5966
2112
5683
-1767
-5969
2085
5648
-1803
-5993
2089
5675
-1768
-5957
2113
5671
-1795
-5992
2089
5663
-1796
-5992
2089
5675
-1768
-5957
2125
5687
-1800
-6019
2066
5655
-1797
-5980
2129
5714
-1765
-5983
2090
5651
-1824
-6015
2105
5706
-1766
-5983
2102
5679
-1801
-6007
2106
5694
-1794
-6006
2106
5694
-1794
-6006
2106
5694
-1794
-6006
2106
5694
-1794
-6006
2118
5710
-1799
-6033
2083
5686
-1795
-5994
2146
5733
-1791
-6032
2083
5674
-1823
-6029
2122
5737
-1764
-5997
2119
5698
-1827
-6056
2099
5717
-1793
-6020
2123
5725
-1792
-6020
2123
5713
-1820
-6055
2099
5717
-1793
-6020
2135
5741
-1797
-6047
2100
5705
-1821
-6043
2139
5756
-1790
-6046
2100
5705
-1821
-6043
2139
5756
-1790
-6046
2112
5721
-1826
-6070
2116
5748
-1791
-6034
2140
5744
-1818
-6069
2116
5736
-1819
-6069
2116
5748
-1791
-6034
2152
5760
-1823
-6096
2093
5728
-1820
-6057
2156
5787
-1788
-6060
2117
5724
-1847
-6092
2132
5779
-1789
-6060
2129
5752
-1824
-6084
2133
5767
-1817
-6083
2133
5767
-1817
-6083
2133
5767
-1817
-6083
2133
5767
-1817
-6083
2145
5783
-1822
-6110
2110
5759
-1818
-6071
2173
5806
-1814
-6109
2110
5747
-1846
-6106
2149
5810
-1787
-6074
2146
5771
-1850
-6133
2126
5790
-1816
-6097
2150
5798
-1815
-6097
2150
5786
-1843
-6132
2126
5790
-1816
-6097
2162
5814
-1820
-6124
2127
5778
-1844
-6120
2166
5829
-1813
-6123
2127
5778
-1844
-6120
2166
5829
-1813
-6123
2139
5794
-1849
-6147
2143
5821
-1814
-6111
2167
5817
-1841
-6146
2143
5809
-1842
-6146
2143
5821
-1814
-6111
2179
5833
-1846
-6173
2120
5801
-1843
-6134
2183
5860
-1811
-6137
2144
5797
-1870
-6169
2159
5852
-1812
-6137
2156
5825
-1847
-6161
2160
5840
-1840
-6160
2160
5840
-1840
-6160
2160
5840
-1840
-6160
2160
5840
-1840
-6160
2172
5856
-1845
-6187
2137
5832
-1841
-6148
2200
5879
-1837
-6186
2137
5820
-1869
-6183
2176
5883
-1810
-6151
2173
5844
-1873
-6210
2153
5863
-1839
-6174
2177
5871
-1838
-6174
2177
5859
-1866
-6209
2153
5863
-1839
-6174
2189
5887
-1843
-6201
2154
5851
-1867
-6197
2193
5902
-1836
-6200
2154
5851
-1867
-6197
2193
5902
-1836
-6200
2166
5867
-1872
-6224
2170
5894
-1837
-6188
2194
5890
-1864
-6223
2170
5882
-1865
-6223
2170
5894
-1837
-6188
2206
5906
-1869
-6250
2147
5874
-1866
-6211
2210
5933
-1834
-6214
2171
5870
-1893
-6246
2186
5925
-1835
-6214
2183
5898
-1870
-6238
2187
5913
-1863
-6237
2187
5913
-1863
-6237
2187
5913
-1863
-6237
2187
5913
-1863
-6237
2199
5929
-1868
-6264
2164
5905
-1864
-6225
2227
5952
-1860
-6263
2164
5893
-1892
-6260
2203
5956
-1833
-6228
2200
5917
-1896
-6287
2180
5936
-1862
-6251
2204
5944
-1861
-6251
2204
5932
-1889
-6286
2180
5936
-1862
-6251
2216
5960
-1866
-6278
2181
5924
-1890
-6274
2220
5975
-1859
-6277
2181
5924
-1890
-6274
2220
5975
-1859
-6277
2193
5940
-1895
-6301
2197
5967
-1860
-6265
2221
5963
-1887
-6300
2197
5955
-1888
-6300
2197
5967
-1860
-6265
2233
5979
-1892
-6327
2174
5947
-1889
-6288
2237
6006
-1857
-6291
2198
5943
-1916
-6323
2213
5998
-1858
-6291
2210
5971
-1893
-6315
2214
5986
-1886
-6314
2214
5986
-1886
-6314
2214
5986
-1886
-6314
2214
5986
-1886
-6314
2226
6002
-1891
-6341
2191
5978
-1887
-6302
2254
6025
-1883
-6340
2191
5966
-1915
-6337
2230
6029
-1856
-6305
2227
5990
-1919
-6364
2207
6009
-1885
-6328
2231
6017
-1884
-6328
2231
6005
-1912
-6363
2207
6009
-1885
-6328
2243
6033
-1889
-6355
2208
5997
-1913
-6351
2247
6048
-1882
-6354
2208
5997
-1913
-6351
2247
6048
-1882
-6354
2220
6013
-1918
-6378
2224
6040
-1883
-6342
2248
6036
-1910
-6377
2224
6028
-1911
-6377
2224
6040
-1883
-6342
2260
6052
-1915
-6404
2201
6020
-1912
-6365
2264
6079
-1880
-6368
2225
6016
-1939
-6400
2240
6071
-1881
-6368
2237
6044
-1916
-6392
2241
6059
-1909
-6391
2241
6059
-1909
-6391
2241
6059
-1909
-6391
2241
6059
-1909
-6391
2253
6075
-1914
-6418
2218
6051
-1910
-6379
2281
6098
-1906
-6417
2218
6039
-1938
-6414
2257
6102
-1879
-6382
2254
6063
-1942
-6441
2234
6082
-1908
-6405
2258
6090
-1907
-6405
2258
6078
-1935
-6440
2234
6082
-1908

